web_scraper_order,web_scraper_start_url,pagination,review,timestamp
"1780196867-1","https://shopee.co.id/Vivo-Y17-8GB-256GB-6.35-4G-LTE-5000mAh-i.22241652.41978145859?extraParams=%7B%22display_model_id%22%3A415454859694%2C%22model_selection_logic%22%3A3%7D&sp_atk=33dcc5d1-5027-4608-b74e-e4575fde0515&xptdk=33dcc5d1-5027-4608-b74e-e4575fde0515","","Alhamdulillah udah kedua kalinya order HP di toko ini barang nya bagus dan ori tokonya amanah terimakasih","2026-01-29 14:15 | Variasi: Biru Muda,8/256"
"1780196867-2","https://shopee.co.id/Vivo-Y17-8GB-256GB-6.35-4G-LTE-5000mAh-i.22241652.41978145859?extraParams=%7B%22display_model_id%22%3A415454859694%2C%22model_selection_logic%22%3A3%7D&sp_atk=33dcc5d1-5027-4608-b74e-e4575fde0515&xptdk=33dcc5d1-5027-4608-b74e-e4575fde0515","","hp harga murah dan kondisi bagus bekerja normal .. terima kasih seller .. kedepannya tetap amanah dan lebih baik lagi","2026-04-24 17:38 | Variasi: Biru,8/256"
"1780196867-3","https://shopee.co.id/Vivo-Y17-8GB-256GB-6.35-4G-LTE-5000mAh-i.22241652.41978145859?extraParams=%7B%22display_model_id%22%3A415454859694%2C%22model_selection_logic%22%3A3%7D&sp_atk=33dcc5d1-5027-4608-b74e-e4575fde0515&xptdk=33dcc5d1-5027-4608-b74e-e4575fde0515","","Alhamdulillah berfungsi dengan baik.
Sempat was-was.
Karena sempat beli di toko sebelah,yang dikirim hp mati.
Terima kasih, semoga amanah.","2026-04-14 20:01 | Variasi: Biru Muda,8/256"
"1780196867-4","https://shopee.co.id/Vivo-Y17-8GB-256GB-6.35-4G-LTE-5000mAh-i.22241652.41978145859?extraParams=%7B%22display_model_id%22%3A415454859694%2C%22model_selection_logic%22%3A3%7D&sp_atk=33dcc5d1-5027-4608-b74e-e4575fde0515&xptdk=33dcc5d1-5027-4608-b74e-e4575fde0515","","Sukses selalu kk.. semoga sll amanah.. pesanan aman dan sesuai dg pesanan saya.. next order lg dsni.. mksh..","2026-02-25 12:44 | Variasi: Merah,8/256"
"1780196867-5","https://shopee.co.id/Vivo-Y17-8GB-256GB-6.35-4G-LTE-5000mAh-i.22241652.41978145859?extraParams=%7B%22display_model_id%22%3A415454859694%2C%22model_selection_logic%22%3A3%7D&sp_atk=33dcc5d1-5027-4608-b74e-e4575fde0515&xptdk=33dcc5d1-5027-4608-b74e-e4575fde0515","","Hpx benar bagus dan sangat membatu anak saya dalam mengerjakan tugas","2026-03-02 22:27 | Variasi: Biru,8/256"
"1780196867-6","https://shopee.co.id/Vivo-Y17-8GB-256GB-6.35-4G-LTE-5000mAh-i.22241652.41978145859?extraParams=%7B%22display_model_id%22%3A415454859694%2C%22model_selection_logic%22%3A3%7D&sp_atk=33dcc5d1-5027-4608-b74e-e4575fde0515&xptdk=33dcc5d1-5027-4608-b74e-e4575fde0515","","Paket udah nyampe dgn baik anak sy suka Skali HPnya🥰","2026-02-26 16:14 | Variasi: Biru,8/256"
"1780196867-7","https://shopee.co.id/Vivo-Y17-8GB-256GB-6.35-4G-LTE-5000mAh-i.22241652.41978145859?extraParams=%7B%22display_model_id%22%3A415454859694%2C%22model_selection_logic%22%3A3%7D&sp_atk=33dcc5d1-5027-4608-b74e-e4575fde0515&xptdk=33dcc5d1-5027-4608-b74e-e4575fde0515","","Alhamdulillah paket sudah tiba dan sesuai pesanan Peking aman anti goncangan dan berfungsi dengan baik. Semoga awet","2026-02-21 15:53 | Variasi: Pink,8/256"
"1780196867-8","https://shopee.co.id/Vivo-Y17-8GB-256GB-6.35-4G-LTE-5000mAh-i.22241652.41978145859?extraParams=%7B%22display_model_id%22%3A415454859694%2C%22model_selection_logic%22%3A3%7D&sp_atk=33dcc5d1-5027-4608-b74e-e4575fde0515&xptdk=33dcc5d1-5027-4608-b74e-e4575fde0515","","","2026-02-17 14:04 | Variasi: Biru Muda,8/256"
"1780196867-9","https://shopee.co.id/Vivo-Y17-8GB-256GB-6.35-4G-LTE-5000mAh-i.22241652.41978145859?extraParams=%7B%22display_model_id%22%3A415454859694%2C%22model_selection_logic%22%3A3%7D&sp_atk=33dcc5d1-5027-4608-b74e-e4575fde0515&xptdk=33dcc5d1-5027-4608-b74e-e4575fde0515","","Alhamdulillah udh sampai, bnr2 ngeplong soalnya dlu pernah beli hp mlh kena jebakan Batman, yg dtng mlh merk nya gak ada beli d atas 1 jutaan Lebih mlh d jual lagi parah bngt, tp d sini lapaknya beneran Jujur dan amanah bngt👍👍👍","2026-02-22 19:07 | Variasi: Biru Muda,8/256"
"1780196867-10","https://shopee.co.id/Vivo-Y17-8GB-256GB-6.35-4G-LTE-5000mAh-i.22241652.41978145859?extraParams=%7B%22display_model_id%22%3A415454859694%2C%22model_selection_logic%22%3A3%7D&sp_atk=33dcc5d1-5027-4608-b74e-e4575fde0515&xptdk=33dcc5d1-5027-4608-b74e-e4575fde0515","","Terima kasih barangnya sudah datang dengan keadaan baik","2026-02-21 23:04 | Variasi: Biru Muda,8/256"
"1780196867-11","https://shopee.co.id/Vivo-Y17-8GB-256GB-6.35-4G-LTE-5000mAh-i.22241652.41978145859?extraParams=%7B%22display_model_id%22%3A415454859694%2C%22model_selection_logic%22%3A3%7D&sp_atk=33dcc5d1-5027-4608-b74e-e4575fde0515&xptdk=33dcc5d1-5027-4608-b74e-e4575fde0515","","bagus banget, rekomen sekali toko ini, semoga selalu amanah ya, respon penjualnya juga cepat dan baik banget","2026-02-01 06:37 | Variasi: Pink,8/256"
"1780196867-12","https://shopee.co.id/Vivo-Y17-8GB-256GB-6.35-4G-LTE-5000mAh-i.22241652.41978145859?extraParams=%7B%22display_model_id%22%3A415454859694%2C%22model_selection_logic%22%3A3%7D&sp_atk=33dcc5d1-5027-4608-b74e-e4575fde0515&xptdk=33dcc5d1-5027-4608-b74e-e4575fde0515","","Pesanannya sudah diterima dan berfungsi dengan baik, semoga awet pemakaiannya. Terima kasih 😔🙏🏻","2026-03-02 19:13 | Variasi: Biru Muda,8/256"
"1780196867-13","https://shopee.co.id/Vivo-Y17-8GB-256GB-6.35-4G-LTE-5000mAh-i.22241652.41978145859?extraParams=%7B%22display_model_id%22%3A415454859694%2C%22model_selection_logic%22%3A3%7D&sp_atk=33dcc5d1-5027-4608-b74e-e4575fde0515&xptdk=33dcc5d1-5027-4608-b74e-e4575fde0515","","","2026-04-14 17:47 | Variasi: Merah,8/256"
"1780196867-14","https://shopee.co.id/Vivo-Y17-8GB-256GB-6.35-4G-LTE-5000mAh-i.22241652.41978145859?extraParams=%7B%22display_model_id%22%3A415454859694%2C%22model_selection_logic%22%3A3%7D&sp_atk=33dcc5d1-5027-4608-b74e-e4575fde0515&xptdk=33dcc5d1-5027-4608-b74e-e4575fde0515","","semoga awet sampai dunia akhirat","2026-03-09 16:19 | Variasi: Biru,4/128"
"1780196867-15","https://shopee.co.id/Vivo-Y17-8GB-256GB-6.35-4G-LTE-5000mAh-i.22241652.41978145859?extraParams=%7B%22display_model_id%22%3A415454859694%2C%22model_selection_logic%22%3A3%7D&sp_atk=33dcc5d1-5027-4608-b74e-e4575fde0515&xptdk=33dcc5d1-5027-4608-b74e-e4575fde0515","","","2026-04-19 23:44 | Variasi: Merah,8/256"
"1780196867-16","https://shopee.co.id/Vivo-Y17-8GB-256GB-6.35-4G-LTE-5000mAh-i.22241652.41978145859?extraParams=%7B%22display_model_id%22%3A415454859694%2C%22model_selection_logic%22%3A3%7D&sp_atk=33dcc5d1-5027-4608-b74e-e4575fde0515&xptdk=33dcc5d1-5027-4608-b74e-e4575fde0515","","barang bagus no kendala dan murah","2026-02-06 22:01 | Variasi: Biru Muda,8/256"
"1780196867-17","https://shopee.co.id/Vivo-Y17-8GB-256GB-6.35-4G-LTE-5000mAh-i.22241652.41978145859?extraParams=%7B%22display_model_id%22%3A415454859694%2C%22model_selection_logic%22%3A3%7D&sp_atk=33dcc5d1-5027-4608-b74e-e4575fde0515&xptdk=33dcc5d1-5027-4608-b74e-e4575fde0515","","Secara keseluruhan bagus .. berfungsi .. good pokoke","2026-02-15 02:29 | Variasi: Biru,8/256"
"1780196867-18","https://shopee.co.id/Vivo-Y17-8GB-256GB-6.35-4G-LTE-5000mAh-i.22241652.41978145859?extraParams=%7B%22display_model_id%22%3A415454859694%2C%22model_selection_logic%22%3A3%7D&sp_atk=33dcc5d1-5027-4608-b74e-e4575fde0515&xptdk=33dcc5d1-5027-4608-b74e-e4575fde0515","","Hp yang di terima dalam kondisi baik, fitur lengkap, di dalam box nya sudah termasuk case dan charger, sangat di rekomendasi beli hp di sini👍","2026-02-23 13:41 | Variasi: Biru Muda,6/128"
"1780196867-19","https://shopee.co.id/Vivo-Y17-8GB-256GB-6.35-4G-LTE-5000mAh-i.22241652.41978145859?extraParams=%7B%22display_model_id%22%3A415454859694%2C%22model_selection_logic%22%3A3%7D&sp_atk=33dcc5d1-5027-4608-b74e-e4575fde0515&xptdk=33dcc5d1-5027-4608-b74e-e4575fde0515","","","2026-04-19 18:40 | Variasi: Merah,8/256"
"1780196867-20","https://shopee.co.id/Vivo-Y17-8GB-256GB-6.35-4G-LTE-5000mAh-i.22241652.41978145859?extraParams=%7B%22display_model_id%22%3A415454859694%2C%22model_selection_logic%22%3A3%7D&sp_atk=33dcc5d1-5027-4608-b74e-e4575fde0515&xptdk=33dcc5d1-5027-4608-b74e-e4575fde0515","","Fitur mantap dilengkapi fingerprint","2026-02-11 18:08 | Variasi: Biru Muda,8/256"
"1780196867-21","https://shopee.co.id/Vivo-Y17-8GB-256GB-6.35-4G-LTE-5000mAh-i.22241652.41978145859?extraParams=%7B%22display_model_id%22%3A415454859694%2C%22model_selection_logic%22%3A3%7D&sp_atk=33dcc5d1-5027-4608-b74e-e4575fde0515&xptdk=33dcc5d1-5027-4608-b74e-e4575fde0515","","Penjualnya responsif dan amanah. barang keterima sesuai jadwalnya, paket diterima aman. Barang bagus. Terimakasih utk penjualnya dan kurirnya. Rekomendasi utk yg pengen beli HP bagus.","2026-04-14 20:55 | Variasi: Biru,8/256"
"1780196867-22","https://shopee.co.id/Vivo-Y17-8GB-256GB-6.35-4G-LTE-5000mAh-i.22241652.41978145859?extraParams=%7B%22display_model_id%22%3A415454859694%2C%22model_selection_logic%22%3A3%7D&sp_atk=33dcc5d1-5027-4608-b74e-e4575fde0515&xptdk=33dcc5d1-5027-4608-b74e-e4575fde0515","","","2026-02-28 10:57 | Variasi: Merah,8/256"
"1780196867-23","https://shopee.co.id/Vivo-Y17-8GB-256GB-6.35-4G-LTE-5000mAh-i.22241652.41978145859?extraParams=%7B%22display_model_id%22%3A415454859694%2C%22model_selection_logic%22%3A3%7D&sp_atk=33dcc5d1-5027-4608-b74e-e4575fde0515&xptdk=33dcc5d1-5027-4608-b74e-e4575fde0515","","Trimakasih banyak seller atas fast respon ya. Terimakasih barang mendarat dengan sempurna
Trimakasih lengkap dengan charger,hansed, temper glass,dan casing
Packaging aman pooolllll.
Tokonya amanah semgha lain kali bisa order lgi
Order di tgl 10 datang di tgl 24. Bukan karena seller nya tp xpedisi yang GK konsisten. Semgha kedepanya pilihan xpedisi lebih bagus lagi. Mungkin lain daerah lain juga kinerjanya. Sekali lagi makasi ya seller. Suksess sll","2026-04-25 20:14 | Variasi: Pink,8/256"
"1780196867-24","https://shopee.co.id/Vivo-Y17-8GB-256GB-6.35-4G-LTE-5000mAh-i.22241652.41978145859?extraParams=%7B%22display_model_id%22%3A415454859694%2C%22model_selection_logic%22%3A3%7D&sp_atk=33dcc5d1-5027-4608-b74e-e4575fde0515&xptdk=33dcc5d1-5027-4608-b74e-e4575fde0515","","Terima kasih seller dan kurir","2026-02-15 09:50 | Variasi: Merah,8/256"
"1780196867-25","https://shopee.co.id/Vivo-Y17-8GB-256GB-6.35-4G-LTE-5000mAh-i.22241652.41978145859?extraParams=%7B%22display_model_id%22%3A415454859694%2C%22model_selection_logic%22%3A3%7D&sp_atk=33dcc5d1-5027-4608-b74e-e4575fde0515&xptdk=33dcc5d1-5027-4608-b74e-e4575fde0515","","Alhamdulillah paketan udah datang dengan selamat dan aman pekingnya mantap pokoknya tokonya amanah sesuai pesanan Joss mantap makasih selernya makasih tokonya semoga sukses selalu..","2026-04-15 19:34 | Variasi: Biru,8/256"
"1780196867-26","https://shopee.co.id/Vivo-Y17-8GB-256GB-6.35-4G-LTE-5000mAh-i.22241652.41978145859?extraParams=%7B%22display_model_id%22%3A415454859694%2C%22model_selection_logic%22%3A3%7D&sp_atk=33dcc5d1-5027-4608-b74e-e4575fde0515&xptdk=33dcc5d1-5027-4608-b74e-e4575fde0515","","Alhamdulillah berfungsi dengan baik, barangnya masih di segel dan sesuai dengan deskripsi. Semoga awet barangnya.. terimakasih seller","2026-05-02 06:36 | Variasi: Merah,8/256"
"1780196867-27","https://shopee.co.id/Vivo-Y17-8GB-256GB-6.35-4G-LTE-5000mAh-i.22241652.41978145859?extraParams=%7B%22display_model_id%22%3A415454859694%2C%22model_selection_logic%22%3A3%7D&sp_atk=33dcc5d1-5027-4608-b74e-e4575fde0515&xptdk=33dcc5d1-5027-4608-b74e-e4575fde0515","","Barang sudah sampai di rumah aman barang dicek normal semua kwalitas bagus harga murah nanti mau ambil lgi","2026-02-08 19:12 | Variasi: Biru Muda,8/256"
"1780196867-28","https://shopee.co.id/Vivo-Y17-8GB-256GB-6.35-4G-LTE-5000mAh-i.22241652.41978145859?extraParams=%7B%22display_model_id%22%3A415454859694%2C%22model_selection_logic%22%3A3%7D&sp_atk=33dcc5d1-5027-4608-b74e-e4575fde0515&xptdk=33dcc5d1-5027-4608-b74e-e4575fde0515","","Tidak ada stiker tanda baru atas layar.temperglass sudah terpasang","2026-02-09 16:52 | Variasi: Biru Muda,8/256"
"1780196867-29","https://shopee.co.id/Vivo-Y17-8GB-256GB-6.35-4G-LTE-5000mAh-i.22241652.41978145859?extraParams=%7B%22display_model_id%22%3A415454859694%2C%22model_selection_logic%22%3A3%7D&sp_atk=33dcc5d1-5027-4608-b74e-e4575fde0515&xptdk=33dcc5d1-5027-4608-b74e-e4575fde0515","","Cepet sampai nya udh di coba berpungsi dengan baik...","2026-05-06 08:44 | Variasi: Pink,8/256"
"1780196867-30","https://shopee.co.id/Vivo-Y17-8GB-256GB-6.35-4G-LTE-5000mAh-i.22241652.41978145859?extraParams=%7B%22display_model_id%22%3A415454859694%2C%22model_selection_logic%22%3A3%7D&sp_atk=33dcc5d1-5027-4608-b74e-e4575fde0515&xptdk=33dcc5d1-5027-4608-b74e-e4575fde0515","","pokoknya jangan ragu rangu pesen di toko ini,karna sudah di jamin aman dan terpercaya","2026-05-10 09:19 | Variasi: Pink,8/256"
"1780196867-31","https://shopee.co.id/Vivo-Y17-8GB-256GB-6.35-4G-LTE-5000mAh-i.22241652.41978145859?extraParams=%7B%22display_model_id%22%3A415454859694%2C%22model_selection_logic%22%3A3%7D&sp_atk=33dcc5d1-5027-4608-b74e-e4575fde0515&xptdk=33dcc5d1-5027-4608-b74e-e4575fde0515","","Alhamdulillah pesanan telah sampai kualitas pesanan sesuai ekspektasi","2026-02-17 18:21 | Variasi: Biru,8/256"
"1780196867-32","https://shopee.co.id/Vivo-Y17-8GB-256GB-6.35-4G-LTE-5000mAh-i.22241652.41978145859?extraParams=%7B%22display_model_id%22%3A415454859694%2C%22model_selection_logic%22%3A3%7D&sp_atk=33dcc5d1-5027-4608-b74e-e4575fde0515&xptdk=33dcc5d1-5027-4608-b74e-e4575fde0515","","Alhmdulillah barang smpai dlm keadaan baik.normal.. Lengkap. Toko amanah.. 
.","2026-02-09 15:10 | Variasi: Biru,8/256"
"1780196867-33","https://shopee.co.id/Vivo-Y17-8GB-256GB-6.35-4G-LTE-5000mAh-i.22241652.41978145859?extraParams=%7B%22display_model_id%22%3A415454859694%2C%22model_selection_logic%22%3A3%7D&sp_atk=33dcc5d1-5027-4608-b74e-e4575fde0515&xptdk=33dcc5d1-5027-4608-b74e-e4575fde0515","","Responsif, cepat, sesuai pesanan/deskripsi. Good jobs. Thanks🙏","2026-05-10 18:32 | Variasi: Biru,8/256"
"1780196867-34","https://shopee.co.id/Vivo-Y17-8GB-256GB-6.35-4G-LTE-5000mAh-i.22241652.41978145859?extraParams=%7B%22display_model_id%22%3A415454859694%2C%22model_selection_logic%22%3A3%7D&sp_atk=33dcc5d1-5027-4608-b74e-e4575fde0515&xptdk=33dcc5d1-5027-4608-b74e-e4575fde0515","","Barang Sesuai, Harga Juga Bersahabat, Toko Amanah. Recomended Pokoknya Belanja Di Sini. . .","2026-04-07 02:02 | Variasi: Pink,8/256"
"1780196867-35","https://shopee.co.id/Vivo-Y17-8GB-256GB-6.35-4G-LTE-5000mAh-i.22241652.41978145859?extraParams=%7B%22display_model_id%22%3A415454859694%2C%22model_selection_logic%22%3A3%7D&sp_atk=33dcc5d1-5027-4608-b74e-e4575fde0515&xptdk=33dcc5d1-5027-4608-b74e-e4575fde0515","","Awalnya ragu tapi alhamdulillah toko ini memang amanah,,barangnya sampek dengan selamat gak ada lecet sedikitpun,,trima kasih","2026-04-18 13:03 | Variasi: Pink,8/256"
"1780196867-36","https://shopee.co.id/Vivo-Y17-8GB-256GB-6.35-4G-LTE-5000mAh-i.22241652.41978145859?extraParams=%7B%22display_model_id%22%3A415454859694%2C%22model_selection_logic%22%3A3%7D&sp_atk=33dcc5d1-5027-4608-b74e-e4575fde0515&xptdk=33dcc5d1-5027-4608-b74e-e4575fde0515","","packingnya aman bgt jadi ga takut ke bantjng2","2026-02-06 21:57 | Variasi: Biru,8/256"
"1780196867-37","https://shopee.co.id/Vivo-Y17-8GB-256GB-6.35-4G-LTE-5000mAh-i.22241652.41978145859?extraParams=%7B%22display_model_id%22%3A415454859694%2C%22model_selection_logic%22%3A3%7D&sp_atk=33dcc5d1-5027-4608-b74e-e4575fde0515&xptdk=33dcc5d1-5027-4608-b74e-e4575fde0515","","recommended bangettt buat kalian yang cari hp low budget,mendang mending dan hp nya bagus,meskipun ga sebagus hp di toko asli nya,berfungsi dengan baik dan warna warnanya yang lucu lucu,besttt","2026-04-15 20:14 | Variasi: Pink,8/256"
"1780196867-38","https://shopee.co.id/Vivo-Y17-8GB-256GB-6.35-4G-LTE-5000mAh-i.22241652.41978145859?extraParams=%7B%22display_model_id%22%3A415454859694%2C%22model_selection_logic%22%3A3%7D&sp_atk=33dcc5d1-5027-4608-b74e-e4575fde0515&xptdk=33dcc5d1-5027-4608-b74e-e4575fde0515","","","2026-05-03 18:42 | Variasi: Pink,8/256"
"1780196867-39","https://shopee.co.id/Vivo-Y17-8GB-256GB-6.35-4G-LTE-5000mAh-i.22241652.41978145859?extraParams=%7B%22display_model_id%22%3A415454859694%2C%22model_selection_logic%22%3A3%7D&sp_atk=33dcc5d1-5027-4608-b74e-e4575fde0515&xptdk=33dcc5d1-5027-4608-b74e-e4575fde0515","","Puas bngt beli ditoko ini,,next mau psen lgi  ah😊😊,,dan jangan ragu buat beli disini🙏🏽","2026-04-18 17:43 | Variasi: Pink,8/256"
"1780196867-40","https://shopee.co.id/Vivo-Y17-8GB-256GB-6.35-4G-LTE-5000mAh-i.22241652.41978145859?extraParams=%7B%22display_model_id%22%3A415454859694%2C%22model_selection_logic%22%3A3%7D&sp_atk=33dcc5d1-5027-4608-b74e-e4575fde0515&xptdk=33dcc5d1-5027-4608-b74e-e4575fde0515","","Sesuai pesanan warna, bagus dan hp baru... Gak sia² belanja di di tokoh ini barangnya benar dengan yang di pesan","2026-02-20 16:53 | Variasi: Pink,8/256"
"1780196867-41","https://shopee.co.id/Vivo-Y17-8GB-256GB-6.35-4G-LTE-5000mAh-i.22241652.41978145859?extraParams=%7B%22display_model_id%22%3A415454859694%2C%22model_selection_logic%22%3A3%7D&sp_atk=33dcc5d1-5027-4608-b74e-e4575fde0515&xptdk=33dcc5d1-5027-4608-b74e-e4575fde0515","","","2026-04-18 21:12 | Variasi: Merah,8/256, Biru,8/256"
"1780196867-42","https://shopee.co.id/Vivo-Y17-8GB-256GB-6.35-4G-LTE-5000mAh-i.22241652.41978145859?extraParams=%7B%22display_model_id%22%3A415454859694%2C%22model_selection_logic%22%3A3%7D&sp_atk=33dcc5d1-5027-4608-b74e-e4575fde0515&xptdk=33dcc5d1-5027-4608-b74e-e4575fde0515","","baru pertama kali beli hp online, awalnya ragu tapi setelah paketnya datang alhamdulillah sesuai di pict ayo ges jgn ragu untuk beli dan tanya sama kknya ya di live🙂‍↔️, pengiriman pake plastik berangin safety sampai ke kalsel wak🥴","2026-02-22 13:45 | Variasi: Pink,8/256"
"1780196867-43","https://shopee.co.id/Vivo-Y17-8GB-256GB-6.35-4G-LTE-5000mAh-i.22241652.41978145859?extraParams=%7B%22display_model_id%22%3A415454859694%2C%22model_selection_logic%22%3A3%7D&sp_atk=33dcc5d1-5027-4608-b74e-e4575fde0515&xptdk=33dcc5d1-5027-4608-b74e-e4575fde0515","","Barang sampri dengan selamat, terima kasih buat tokonya, semoga jaya selalau","2026-02-08 09:16 | Variasi: Pink,8/256"
"1780196867-44","https://shopee.co.id/Vivo-Y17-8GB-256GB-6.35-4G-LTE-5000mAh-i.22241652.41978145859?extraParams=%7B%22display_model_id%22%3A415454859694%2C%22model_selection_logic%22%3A3%7D&sp_atk=33dcc5d1-5027-4608-b74e-e4575fde0515&xptdk=33dcc5d1-5027-4608-b74e-e4575fde0515","","Hp kw setelah cek imei gak terdaftar di vivo
Kirain ori","2026-01-29 23:11 | Variasi: Biru Muda,8/256"
"1780196867-45","https://shopee.co.id/Vivo-Y17-8GB-256GB-6.35-4G-LTE-5000mAh-i.22241652.41978145859?extraParams=%7B%22display_model_id%22%3A415454859694%2C%22model_selection_logic%22%3A3%7D&sp_atk=33dcc5d1-5027-4608-b74e-e4575fde0515&xptdk=33dcc5d1-5027-4608-b74e-e4575fde0515","","Alhamdulillah barang nya udah nyampe sesuai dwngan pesana  mudaha mudahan awet","2026-05-05 13:57 | Variasi: Biru,8/256"
"1780196867-46","https://shopee.co.id/Vivo-Y17-8GB-256GB-6.35-4G-LTE-5000mAh-i.22241652.41978145859?extraParams=%7B%22display_model_id%22%3A415454859694%2C%22model_selection_logic%22%3A3%7D&sp_atk=33dcc5d1-5027-4608-b74e-e4575fde0515&xptdk=33dcc5d1-5027-4608-b74e-e4575fde0515","","Better bisa dipake untuk anak sekolah","2026-02-02 08:30 | Variasi: Biru Muda,6/128"
"1780196867-47","https://shopee.co.id/Vivo-Y17-8GB-256GB-6.35-4G-LTE-5000mAh-i.22241652.41978145859?extraParams=%7B%22display_model_id%22%3A415454859694%2C%22model_selection_logic%22%3A3%7D&sp_atk=33dcc5d1-5027-4608-b74e-e4575fde0515&xptdk=33dcc5d1-5027-4608-b74e-e4575fde0515","","Semoga sukses selalu.. 
Terimakasih sudah amanah buat toko ya🙏","2026-03-12 18:19 | Variasi: Biru Muda,8/256"
"1780196867-48","https://shopee.co.id/Vivo-Y17-8GB-256GB-6.35-4G-LTE-5000mAh-i.22241652.41978145859?extraParams=%7B%22display_model_id%22%3A415454859694%2C%22model_selection_logic%22%3A3%7D&sp_atk=33dcc5d1-5027-4608-b74e-e4575fde0515&xptdk=33dcc5d1-5027-4608-b74e-e4575fde0515","","Tadinya sempet ragu,alhamdulillah bgitu sampai barang nya bagus dan berguna","2026-02-16 16:34 | Variasi: Biru,8/256"
"1780196867-49","https://shopee.co.id/Vivo-Y17-8GB-256GB-6.35-4G-LTE-5000mAh-i.22241652.41978145859?extraParams=%7B%22display_model_id%22%3A415454859694%2C%22model_selection_logic%22%3A3%7D&sp_atk=33dcc5d1-5027-4608-b74e-e4575fde0515&xptdk=33dcc5d1-5027-4608-b74e-e4575fde0515","","Alhamdulilah sesuai ekspektasi.. minta langsung di nyalain dari sananya jd pas dateng tinggal masukin kartu aja..","2026-04-16 18:10 | Variasi: Pink,8/256"
"1780196867-50","https://shopee.co.id/Vivo-Y17-8GB-256GB-6.35-4G-LTE-5000mAh-i.22241652.41978145859?extraParams=%7B%22display_model_id%22%3A415454859694%2C%22model_selection_logic%22%3A3%7D&sp_atk=33dcc5d1-5027-4608-b74e-e4575fde0515&xptdk=33dcc5d1-5027-4608-b74e-e4575fde0515","","","2026-05-06 18:12 | Variasi: Pink,8/256"
"1780196867-51","https://shopee.co.id/Vivo-Y17-8GB-256GB-6.35-4G-LTE-5000mAh-i.22241652.41978145859?extraParams=%7B%22display_model_id%22%3A415454859694%2C%22model_selection_logic%22%3A3%7D&sp_atk=33dcc5d1-5027-4608-b74e-e4575fde0515&xptdk=33dcc5d1-5027-4608-b74e-e4575fde0515","","Alhamdulillah barangnya sudah sampai tujuan dengan selamat pengemasan cepat pengiriman barang standar respon penjual sangat baik Terima kasih buat penjual dan kurirnya 🙏🙏🙏 minus cuman free gift kurang satu yaitu headset. Saya maklumi aja barangnya bagus no minus masih tersegel","2026-04-09 09:48 | Variasi: Biru Muda,8/256"
"1780196867-52","https://shopee.co.id/Vivo-Y17-8GB-256GB-6.35-4G-LTE-5000mAh-i.22241652.41978145859?extraParams=%7B%22display_model_id%22%3A415454859694%2C%22model_selection_logic%22%3A3%7D&sp_atk=33dcc5d1-5027-4608-b74e-e4575fde0515&xptdk=33dcc5d1-5027-4608-b74e-e4575fde0515","","Sangat bagus sesuai deskripsi harga sangat murah tapi barangnya asli....dpt softcase juga... terimakasih","2026-04-21 05:49 | Variasi: Biru,8/256"
"1780196867-53","https://shopee.co.id/Vivo-Y17-8GB-256GB-6.35-4G-LTE-5000mAh-i.22241652.41978145859?extraParams=%7B%22display_model_id%22%3A415454859694%2C%22model_selection_logic%22%3A3%7D&sp_atk=33dcc5d1-5027-4608-b74e-e4575fde0515&xptdk=33dcc5d1-5027-4608-b74e-e4575fde0515","","Alhamdulillah.. Barang dah sampai.. Walaupun tidak sesuai estimasi... Kondisi bagus, trimakasih.. Semoga awet,,","2026-02-27 20:57 | Variasi: Merah,8/256"
"1780196867-54","https://shopee.co.id/Vivo-Y17-8GB-256GB-6.35-4G-LTE-5000mAh-i.22241652.41978145859?extraParams=%7B%22display_model_id%22%3A415454859694%2C%22model_selection_logic%22%3A3%7D&sp_atk=33dcc5d1-5027-4608-b74e-e4575fde0515&xptdk=33dcc5d1-5027-4608-b74e-e4575fde0515","","Barang bagus ber pungsi dengan baik
Toko nya sangat amanah dan jujur .
Buat sobat ku dimna saja ber ada kalau mau belanja di toko ini jangan ragu lansung beli aja toko nya amanah dan bisa di percaya","2026-03-30 18:40 | Variasi: Biru Muda,8/256"
"1780196867-55","https://shopee.co.id/Vivo-Y17-8GB-256GB-6.35-4G-LTE-5000mAh-i.22241652.41978145859?extraParams=%7B%22display_model_id%22%3A415454859694%2C%22model_selection_logic%22%3A3%7D&sp_atk=33dcc5d1-5027-4608-b74e-e4575fde0515&xptdk=33dcc5d1-5027-4608-b74e-e4575fde0515","","","2026-04-30 11:49 | Variasi: Pink,8/256"
"1780196867-56","https://shopee.co.id/Vivo-Y17-8GB-256GB-6.35-4G-LTE-5000mAh-i.22241652.41978145859?extraParams=%7B%22display_model_id%22%3A415454859694%2C%22model_selection_logic%22%3A3%7D&sp_atk=33dcc5d1-5027-4608-b74e-e4575fde0515&xptdk=33dcc5d1-5027-4608-b74e-e4575fde0515","",",chargeran jg berfungsi dengan baik
Setelah 3 hari dari pesanan dteng ,baru keliatan batre nya udh eror .
Dicas 30 menit langsung full 100% .tapi dpke hanya 2 menit lngsung mati","2026-04-08 22:32 | Variasi: Merah,8/256"
"1780196867-57","https://shopee.co.id/Vivo-Y17-8GB-256GB-6.35-4G-LTE-5000mAh-i.22241652.41978145859?extraParams=%7B%22display_model_id%22%3A415454859694%2C%22model_selection_logic%22%3A3%7D&sp_atk=33dcc5d1-5027-4608-b74e-e4575fde0515&xptdk=33dcc5d1-5027-4608-b74e-e4575fde0515","","","2026-02-28 21:36 | Variasi: Biru,8/256"
"1780196867-58","https://shopee.co.id/Vivo-Y17-8GB-256GB-6.35-4G-LTE-5000mAh-i.22241652.41978145859?extraParams=%7B%22display_model_id%22%3A415454859694%2C%22model_selection_logic%22%3A3%7D&sp_atk=33dcc5d1-5027-4608-b74e-e4575fde0515&xptdk=33dcc5d1-5027-4608-b74e-e4575fde0515","","Bagus semua dari mulai pengemasan hingga produk nya","2026-04-18 17:56 | Variasi: Biru Muda,8/256"
"1780196867-59","https://shopee.co.id/Vivo-Y17-8GB-256GB-6.35-4G-LTE-5000mAh-i.22241652.41978145859?extraParams=%7B%22display_model_id%22%3A415454859694%2C%22model_selection_logic%22%3A3%7D&sp_atk=33dcc5d1-5027-4608-b74e-e4575fde0515&xptdk=33dcc5d1-5027-4608-b74e-e4575fde0515","","Jangan ragu pesan di toko ini . Toko nya sangat amanah.  Gak ada vidio Krn vidio nya terlalu panjang .TPI tokoh nya amanah","2026-02-23 15:31 | Variasi: Pink,8/256"
"1780196867-60","https://shopee.co.id/Vivo-Y17-8GB-256GB-6.35-4G-LTE-5000mAh-i.22241652.41978145859?extraParams=%7B%22display_model_id%22%3A415454859694%2C%22model_selection_logic%22%3A3%7D&sp_atk=33dcc5d1-5027-4608-b74e-e4575fde0515&xptdk=33dcc5d1-5027-4608-b74e-e4575fde0515","","pelapak amanah jangan ragu beli d sini...","2026-02-10 12:34 | Variasi: Biru Muda,8/256"
"1780196867-61","https://shopee.co.id/Vivo-Y17-8GB-256GB-6.35-4G-LTE-5000mAh-i.22241652.41978145859?extraParams=%7B%22display_model_id%22%3A415454859694%2C%22model_selection_logic%22%3A3%7D&sp_atk=33dcc5d1-5027-4608-b74e-e4575fde0515&xptdk=33dcc5d1-5027-4608-b74e-e4575fde0515","","Barang sudah sampai dan langsung unboxing Alhamdulillah suami suka karena hadiah buat suami berfungsi dengan baik sesuai dengan pesanan..","2026-04-01 07:15 | Variasi: Biru Muda,8/256"
"1780196867-62","https://shopee.co.id/Vivo-Y17-8GB-256GB-6.35-4G-LTE-5000mAh-i.22241652.41978145859?extraParams=%7B%22display_model_id%22%3A415454859694%2C%22model_selection_logic%22%3A3%7D&sp_atk=33dcc5d1-5027-4608-b74e-e4575fde0515&xptdk=33dcc5d1-5027-4608-b74e-e4575fde0515","","Terima kasih seller dan shopee barangnya sudah sampai sesuai deskripsi","2026-02-04 14:10 | Variasi: Biru Muda,8/256"
"1780196867-63","https://shopee.co.id/Vivo-Y17-8GB-256GB-6.35-4G-LTE-5000mAh-i.22241652.41978145859?extraParams=%7B%22display_model_id%22%3A415454859694%2C%22model_selection_logic%22%3A3%7D&sp_atk=33dcc5d1-5027-4608-b74e-e4575fde0515&xptdk=33dcc5d1-5027-4608-b74e-e4575fde0515","","","2026-04-11 13:00 | Variasi: Biru,8/256"
"1780196867-64","https://shopee.co.id/Vivo-Y17-8GB-256GB-6.35-4G-LTE-5000mAh-i.22241652.41978145859?extraParams=%7B%22display_model_id%22%3A415454859694%2C%22model_selection_logic%22%3A3%7D&sp_atk=33dcc5d1-5027-4608-b74e-e4575fde0515&xptdk=33dcc5d1-5027-4608-b74e-e4575fde0515","","Awalnya takut dan ragu ternyata asli","2026-04-14 19:09 | Variasi: Merah,8/256"
"1780196867-65","https://shopee.co.id/Vivo-Y17-8GB-256GB-6.35-4G-LTE-5000mAh-i.22241652.41978145859?extraParams=%7B%22display_model_id%22%3A415454859694%2C%22model_selection_logic%22%3A3%7D&sp_atk=33dcc5d1-5027-4608-b74e-e4575fde0515&xptdk=33dcc5d1-5027-4608-b74e-e4575fde0515","","Baru pertama beli hp online, Alhamdulillah hp berfungsi dgn baik","2026-04-02 15:38 | Variasi: Biru Muda,8/256"
"1780196867-66","https://shopee.co.id/Vivo-Y17-8GB-256GB-6.35-4G-LTE-5000mAh-i.22241652.41978145859?extraParams=%7B%22display_model_id%22%3A415454859694%2C%22model_selection_logic%22%3A3%7D&sp_atk=33dcc5d1-5027-4608-b74e-e4575fde0515&xptdk=33dcc5d1-5027-4608-b74e-e4575fde0515","","Barang,a bgs tokoh,a amanah...semga sukses selalu..","2026-05-20 17:31 | Variasi: Biru,8/256"
"1780196867-67","https://shopee.co.id/Vivo-Y17-8GB-256GB-6.35-4G-LTE-5000mAh-i.22241652.41978145859?extraParams=%7B%22display_model_id%22%3A415454859694%2C%22model_selection_logic%22%3A3%7D&sp_atk=33dcc5d1-5027-4608-b74e-e4575fde0515&xptdk=33dcc5d1-5027-4608-b74e-e4575fde0515","","sudah 2 kali pesan di toko ini..barang di terima dengan baik, terima kasih kepada  seller semoga laris manis dan dan terima kasih juga kepada kurir and shoppe..👍.","2026-04-21 10:15 | Variasi: Biru Muda,8/256"
"1780196867-68","https://shopee.co.id/Vivo-Y17-8GB-256GB-6.35-4G-LTE-5000mAh-i.22241652.41978145859?extraParams=%7B%22display_model_id%22%3A415454859694%2C%22model_selection_logic%22%3A3%7D&sp_atk=33dcc5d1-5027-4608-b74e-e4575fde0515&xptdk=33dcc5d1-5027-4608-b74e-e4575fde0515","","Bagus banget. Berfungsi normal. Semoga awet. Belikan orang tua","2026-01-27 17:45 | Variasi: Biru,6/128"
"1780196867-69","https://shopee.co.id/Vivo-Y17-8GB-256GB-6.35-4G-LTE-5000mAh-i.22241652.41978145859?extraParams=%7B%22display_model_id%22%3A415454859694%2C%22model_selection_logic%22%3A3%7D&sp_atk=33dcc5d1-5027-4608-b74e-e4575fde0515&xptdk=33dcc5d1-5027-4608-b74e-e4575fde0515","","","2026-04-21 21:24 | Variasi: Biru Muda,8/256"
"1780196867-70","https://shopee.co.id/Vivo-Y17-8GB-256GB-6.35-4G-LTE-5000mAh-i.22241652.41978145859?extraParams=%7B%22display_model_id%22%3A415454859694%2C%22model_selection_logic%22%3A3%7D&sp_atk=33dcc5d1-5027-4608-b74e-e4575fde0515&xptdk=33dcc5d1-5027-4608-b74e-e4575fde0515","","wah dengan harga segini dapat barang yang oke. ajib","2026-02-27 00:37 | Variasi: Merah,8/256"
"1780196867-71","https://shopee.co.id/Vivo-Y17-8GB-256GB-6.35-4G-LTE-5000mAh-i.22241652.41978145859?extraParams=%7B%22display_model_id%22%3A415454859694%2C%22model_selection_logic%22%3A3%7D&sp_atk=33dcc5d1-5027-4608-b74e-e4575fde0515&xptdk=33dcc5d1-5027-4608-b74e-e4575fde0515","","Terimakasih barangx udh smpai sesuai dgn deskripsi packingan sngat aman ok mantapss🥰","2026-02-13 20:23 | Variasi: Biru Muda,6/128"
"1780196867-72","https://shopee.co.id/Vivo-Y17-8GB-256GB-6.35-4G-LTE-5000mAh-i.22241652.41978145859?extraParams=%7B%22display_model_id%22%3A415454859694%2C%22model_selection_logic%22%3A3%7D&sp_atk=33dcc5d1-5027-4608-b74e-e4575fde0515&xptdk=33dcc5d1-5027-4608-b74e-e4575fde0515","","kondisi barang bagus dan mulus
semua fitur berfungsi dengan normal tidak ada yang cacat
desain elegan, ringan, dan nyaman digenggam 
kapasitas baterai besar 5000 mah cukup awet digunakan seharian
kapasitas penyimpanan besar
ram 8 dan internal 256
keren semoga awet","2026-05-14 18:12 | Variasi: Biru Muda,8/256"
"1780196867-73","https://shopee.co.id/Vivo-Y17-8GB-256GB-6.35-4G-LTE-5000mAh-i.22241652.41978145859?extraParams=%7B%22display_model_id%22%3A415454859694%2C%22model_selection_logic%22%3A3%7D&sp_atk=33dcc5d1-5027-4608-b74e-e4575fde0515&xptdk=33dcc5d1-5027-4608-b74e-e4575fde0515","","Sangat puas..td nya meragukan.. Alhamdulillah semua mendarat dgn sempurna..semoga awet yeww","2026-04-10 10:18 | Variasi: Biru,8/256"
"1780196867-74","https://shopee.co.id/Vivo-Y17-8GB-256GB-6.35-4G-LTE-5000mAh-i.22241652.41978145859?extraParams=%7B%22display_model_id%22%3A415454859694%2C%22model_selection_logic%22%3A3%7D&sp_atk=33dcc5d1-5027-4608-b74e-e4575fde0515&xptdk=33dcc5d1-5027-4608-b74e-e4575fde0515","","Terima kasih kak hp nya berpungsi dengan baik, terimakasih telah amanah semoga makin lancar kak usahanya,,,🤲","2026-02-12 10:29 | Variasi: Biru Muda,8/256"
"1780196867-75","https://shopee.co.id/Vivo-Y17-8GB-256GB-6.35-4G-LTE-5000mAh-i.22241652.41978145859?extraParams=%7B%22display_model_id%22%3A415454859694%2C%22model_selection_logic%22%3A3%7D&sp_atk=33dcc5d1-5027-4608-b74e-e4575fde0515&xptdk=33dcc5d1-5027-4608-b74e-e4575fde0515","","Semoga awet, dan bisa order lagi","2026-02-21 14:25 | Variasi: Pink,8/256"
"1780196867-76","https://shopee.co.id/Vivo-Y17-8GB-256GB-6.35-4G-LTE-5000mAh-i.22241652.41978145859?extraParams=%7B%22display_model_id%22%3A415454859694%2C%22model_selection_logic%22%3A3%7D&sp_atk=33dcc5d1-5027-4608-b74e-e4575fde0515&xptdk=33dcc5d1-5027-4608-b74e-e4575fde0515","","Bagus HP nya sesuai gambar ga kecewa awalnya takut di kirim asal asalan tapi beneran HP nya","2026-04-07 22:41 | Variasi: Biru Muda,8/256"
"1780196867-77","https://shopee.co.id/Vivo-Y17-8GB-256GB-6.35-4G-LTE-5000mAh-i.22241652.41978145859?extraParams=%7B%22display_model_id%22%3A415454859694%2C%22model_selection_logic%22%3A3%7D&sp_atk=33dcc5d1-5027-4608-b74e-e4575fde0515&xptdk=33dcc5d1-5027-4608-b74e-e4575fde0515","","barang sudah sampe kak tapi Vidio saya tidak bisa diupload jadi saya kirim foto saja disini","2026-02-17 08:50 | Variasi: Pink,8/256"
"1780196867-78","https://shopee.co.id/Vivo-Y17-8GB-256GB-6.35-4G-LTE-5000mAh-i.22241652.41978145859?extraParams=%7B%22display_model_id%22%3A415454859694%2C%22model_selection_logic%22%3A3%7D&sp_atk=33dcc5d1-5027-4608-b74e-e4575fde0515&xptdk=33dcc5d1-5027-4608-b74e-e4575fde0515","","Maaf baru ksh ulasan baru smpt nih. Pkt dtng bbrp hri yg llu playanan COD. Deg2an Bru ini brniin bli brng elektronik scra online tdinya tkut aja. Tpi brniin diri dan hsil nya puasss dong real bgus sesuai bngt. The best kk amanah trus ya slm sukses. Pkonya jngn ragu bli d toko ini gaess ❤❤❤","2026-04-18 16:27 | Variasi: Pink,8/256"
"1780196867-79","https://shopee.co.id/Vivo-Y17-8GB-256GB-6.35-4G-LTE-5000mAh-i.22241652.41978145859?extraParams=%7B%22display_model_id%22%3A415454859694%2C%22model_selection_logic%22%3A3%7D&sp_atk=33dcc5d1-5027-4608-b74e-e4575fde0515&xptdk=33dcc5d1-5027-4608-b74e-e4575fde0515","","allhamdulilah amanah","2026-04-20 12:55 | Variasi: Pink,8/256"
"1780196867-80","https://shopee.co.id/Vivo-Y17-8GB-256GB-6.35-4G-LTE-5000mAh-i.22241652.41978145859?extraParams=%7B%22display_model_id%22%3A415454859694%2C%22model_selection_logic%22%3A3%7D&sp_atk=33dcc5d1-5027-4608-b74e-e4575fde0515&xptdk=33dcc5d1-5027-4608-b74e-e4575fde0515","","Warna sesuai pink. Tidak kecewa pas ramah di kantong","2026-02-10 22:23 | Variasi: Pink,8/256"
"1780196867-81","https://shopee.co.id/Vivo-Y17-8GB-256GB-6.35-4G-LTE-5000mAh-i.22241652.41978145859?extraParams=%7B%22display_model_id%22%3A415454859694%2C%22model_selection_logic%22%3A3%7D&sp_atk=33dcc5d1-5027-4608-b74e-e4575fde0515&xptdk=33dcc5d1-5027-4608-b74e-e4575fde0515","","Toko Amanah,hp sampai Dengan sempurna.terimakasih seller","2026-04-18 22:57 | Variasi: Pink,8/256"
"1780196867-82","https://shopee.co.id/Vivo-Y17-8GB-256GB-6.35-4G-LTE-5000mAh-i.22241652.41978145859?extraParams=%7B%22display_model_id%22%3A415454859694%2C%22model_selection_logic%22%3A3%7D&sp_atk=33dcc5d1-5027-4608-b74e-e4575fde0515&xptdk=33dcc5d1-5027-4608-b74e-e4575fde0515","","Sesuai dengan ekspektasi semoga bisa awet..
Gak sengaja ternyata sudah 2x pesan disini.. toko baik selalu memperhatikan feedback dr pembeli","2026-02-20 23:49 | Variasi: Merah,8/256, Biru Muda,8/256"
"1780196867-83","https://shopee.co.id/Vivo-Y17-8GB-256GB-6.35-4G-LTE-5000mAh-i.22241652.41978145859?extraParams=%7B%22display_model_id%22%3A415454859694%2C%22model_selection_logic%22%3A3%7D&sp_atk=33dcc5d1-5027-4608-b74e-e4575fde0515&xptdk=33dcc5d1-5027-4608-b74e-e4575fde0515","","","2026-04-23 01:54 | Variasi: Biru,8/256"
"1780196867-84","https://shopee.co.id/Vivo-Y17-8GB-256GB-6.35-4G-LTE-5000mAh-i.22241652.41978145859?extraParams=%7B%22display_model_id%22%3A415454859694%2C%22model_selection_logic%22%3A3%7D&sp_atk=33dcc5d1-5027-4608-b74e-e4575fde0515&xptdk=33dcc5d1-5027-4608-b74e-e4575fde0515","","Sempet kecewa ketika GK bisa dipasang kartu,tapi seler baik bgt,diminta retur dan dikirim ulang,, jujur sempet ragu, karana pengiriman pribadi,GK bisa lewat aplikasi,tapi bismilah aja,,dan Alhamdulillah toko'y amanah bgt,trimakasih,,,jangan ragu order disini yaa,dijamin toko'y amanah🫰","2026-05-04 19:58 | Variasi: Biru,8/256"
"1780196867-85","https://shopee.co.id/Vivo-Y17-8GB-256GB-6.35-4G-LTE-5000mAh-i.22241652.41978145859?extraParams=%7B%22display_model_id%22%3A415454859694%2C%22model_selection_logic%22%3A3%7D&sp_atk=33dcc5d1-5027-4608-b74e-e4575fde0515&xptdk=33dcc5d1-5027-4608-b74e-e4575fde0515","","Bismillah semoga hp nya awet dipakai anak belajar,, terimakasih sellernya gercep & konfirmasi dulu sebelum kirim,, semoga berkah & laris manis amiin","2026-04-06 12:58 | Variasi: Biru Muda,8/256"
"1780196867-86","https://shopee.co.id/Vivo-Y17-8GB-256GB-6.35-4G-LTE-5000mAh-i.22241652.41978145859?extraParams=%7B%22display_model_id%22%3A415454859694%2C%22model_selection_logic%22%3A3%7D&sp_atk=33dcc5d1-5027-4608-b74e-e4575fde0515&xptdk=33dcc5d1-5027-4608-b74e-e4575fde0515","","barang ny datang dg cepat,bgus dan aman brang ny serta amanah dech pokok ny..ntah kami beli LG SMG rezk kita lancar.. Aamiin","2026-04-10 08:49 | Variasi: Pink,8/256"
"1780196867-87","https://shopee.co.id/Vivo-Y17-8GB-256GB-6.35-4G-LTE-5000mAh-i.22241652.41978145859?extraParams=%7B%22display_model_id%22%3A415454859694%2C%22model_selection_logic%22%3A3%7D&sp_atk=33dcc5d1-5027-4608-b74e-e4575fde0515&xptdk=33dcc5d1-5027-4608-b74e-e4575fde0515","","Imei 1 dan 2 hp ini tdk terdeteksi di web cek imei vivo.
Pas connect email dan terkonfirmasi di hp yang sudah lebih terpasang Email, tertulis bukan Vivo Y17 tertulisnya Y19.

Kenapa sy beli, krn sy hanya butuh kamera biasa, bisa internet, body hp pink. Menurut saya hp ini adalah rakitan. Buat sy ini cukup sesuai kebutuhan sy","2026-02-23 18:14 | Variasi: Pink,8/256"
"1780196867-88","https://shopee.co.id/Vivo-Y17-8GB-256GB-6.35-4G-LTE-5000mAh-i.22241652.41978145859?extraParams=%7B%22display_model_id%22%3A415454859694%2C%22model_selection_logic%22%3A3%7D&sp_atk=33dcc5d1-5027-4608-b74e-e4575fde0515&xptdk=33dcc5d1-5027-4608-b74e-e4575fde0515","","","2026-02-16 18:43 | Variasi: Biru Muda,8/256"
"1780196867-89","https://shopee.co.id/Vivo-Y17-8GB-256GB-6.35-4G-LTE-5000mAh-i.22241652.41978145859?extraParams=%7B%22display_model_id%22%3A415454859694%2C%22model_selection_logic%22%3A3%7D&sp_atk=33dcc5d1-5027-4608-b74e-e4575fde0515&xptdk=33dcc5d1-5027-4608-b74e-e4575fde0515","","Toko amanah barang original..
Semoga awet..
Terimakasih","2026-05-07 16:20 | Variasi: Biru Muda,8/256"
"1780196867-90","https://shopee.co.id/Vivo-Y17-8GB-256GB-6.35-4G-LTE-5000mAh-i.22241652.41978145859?extraParams=%7B%22display_model_id%22%3A415454859694%2C%22model_selection_logic%22%3A3%7D&sp_atk=33dcc5d1-5027-4608-b74e-e4575fde0515&xptdk=33dcc5d1-5027-4608-b74e-e4575fde0515","","Alhamdulillah paketan dach sampai tadi siang,berpungsi dengan baik,masih segel barang ORI,cuma gak di kasih headset nya aja.yg lain sich ok.semoga barangnya awet🙏","2026-04-18 23:23 | Variasi: Pink,8/256"
"1780196867-91","https://shopee.co.id/Vivo-Y17-8GB-256GB-6.35-4G-LTE-5000mAh-i.22241652.41978145859?extraParams=%7B%22display_model_id%22%3A415454859694%2C%22model_selection_logic%22%3A3%7D&sp_atk=33dcc5d1-5027-4608-b74e-e4575fde0515&xptdk=33dcc5d1-5027-4608-b74e-e4575fde0515","","Hp bagus suka sama toko ini amanah,saya pesan 1 lagi","2026-02-12 01:32 | Variasi: Biru Muda,8/256"
"1780196867-92","https://shopee.co.id/Vivo-Y17-8GB-256GB-6.35-4G-LTE-5000mAh-i.22241652.41978145859?extraParams=%7B%22display_model_id%22%3A415454859694%2C%22model_selection_logic%22%3A3%7D&sp_atk=33dcc5d1-5027-4608-b74e-e4575fde0515&xptdk=33dcc5d1-5027-4608-b74e-e4575fde0515","","","2026-02-21 11:14 | Variasi: Biru Muda,8/256"
"1780196867-93","https://shopee.co.id/Vivo-Y17-8GB-256GB-6.35-4G-LTE-5000mAh-i.22241652.41978145859?extraParams=%7B%22display_model_id%22%3A415454859694%2C%22model_selection_logic%22%3A3%7D&sp_atk=33dcc5d1-5027-4608-b74e-e4575fde0515&xptdk=33dcc5d1-5027-4608-b74e-e4575fde0515","","barang sudah diterima dengan baik😁","2026-04-11 12:21 | Variasi: Pink,8/256"
"1780196867-94","https://shopee.co.id/Vivo-Y17-8GB-256GB-6.35-4G-LTE-5000mAh-i.22241652.41978145859?extraParams=%7B%22display_model_id%22%3A415454859694%2C%22model_selection_logic%22%3A3%7D&sp_atk=33dcc5d1-5027-4608-b74e-e4575fde0515&xptdk=33dcc5d1-5027-4608-b74e-e4575fde0515","","barang Sudh smpai tujuan KK...bener"" amanah toko ini.....ini pembelian saya yg kdua di toko ini👍👍👍👍👍👍👍","2026-02-28 20:43 | Variasi: Biru Muda,8/256"
"1780196867-95","https://shopee.co.id/Vivo-Y17-8GB-256GB-6.35-4G-LTE-5000mAh-i.22241652.41978145859?extraParams=%7B%22display_model_id%22%3A415454859694%2C%22model_selection_logic%22%3A3%7D&sp_atk=33dcc5d1-5027-4608-b74e-e4575fde0515&xptdk=33dcc5d1-5027-4608-b74e-e4575fde0515","","Overall bagus,harga murah barang sesuai ekspetasi.","2026-04-10 19:37 | Variasi: Pink,8/256"
"1780196867-96","https://shopee.co.id/Vivo-Y17-8GB-256GB-6.35-4G-LTE-5000mAh-i.22241652.41978145859?extraParams=%7B%22display_model_id%22%3A415454859694%2C%22model_selection_logic%22%3A3%7D&sp_atk=33dcc5d1-5027-4608-b74e-e4575fde0515&xptdk=33dcc5d1-5027-4608-b74e-e4575fde0515","","Kapasitas tidak sesuai dengan yg ada di gambar, mudah-mudahan awet.","2026-02-09 15:47 | Variasi: Biru,8/256"
"1780196867-97","https://shopee.co.id/Vivo-Y17-8GB-256GB-6.35-4G-LTE-5000mAh-i.22241652.41978145859?extraParams=%7B%22display_model_id%22%3A415454859694%2C%22model_selection_logic%22%3A3%7D&sp_atk=33dcc5d1-5027-4608-b74e-e4575fde0515&xptdk=33dcc5d1-5027-4608-b74e-e4575fde0515","","Kirain barangnya palsu ternyata bener datang hp sunguhan terimakasih minn","2026-05-11 12:45 | Variasi: Biru Muda,8/256"
"1780196867-98","https://shopee.co.id/Vivo-Y17-8GB-256GB-6.35-4G-LTE-5000mAh-i.22241652.41978145859?extraParams=%7B%22display_model_id%22%3A415454859694%2C%22model_selection_logic%22%3A3%7D&sp_atk=33dcc5d1-5027-4608-b74e-e4575fde0515&xptdk=33dcc5d1-5027-4608-b74e-e4575fde0515","","Bagus semoga awet 👍","2026-02-06 17:35 | Variasi: Biru Muda,8/256"
"1780196867-99","https://shopee.co.id/Vivo-Y17-8GB-256GB-6.35-4G-LTE-5000mAh-i.22241652.41978145859?extraParams=%7B%22display_model_id%22%3A415454859694%2C%22model_selection_logic%22%3A3%7D&sp_atk=33dcc5d1-5027-4608-b74e-e4575fde0515&xptdk=33dcc5d1-5027-4608-b74e-e4575fde0515","","hp nya bagus ..anak saya suka banget 
semoga hp nya awet... terima kasih shoppe","2026-01-31 20:41 | Variasi: Biru Muda,8/256"
"1780196867-100","https://shopee.co.id/Vivo-Y17-8GB-256GB-6.35-4G-LTE-5000mAh-i.22241652.41978145859?extraParams=%7B%22display_model_id%22%3A415454859694%2C%22model_selection_logic%22%3A3%7D&sp_atk=33dcc5d1-5027-4608-b74e-e4575fde0515&xptdk=33dcc5d1-5027-4608-b74e-e4575fde0515","","","2026-05-11 20:50 | Variasi: Biru,8/256"
"1780196867-101","https://shopee.co.id/Vivo-Y17-8GB-256GB-6.35-4G-LTE-5000mAh-i.22241652.41978145859?extraParams=%7B%22display_model_id%22%3A415454859694%2C%22model_selection_logic%22%3A3%7D&sp_atk=33dcc5d1-5027-4608-b74e-e4575fde0515&xptdk=33dcc5d1-5027-4608-b74e-e4575fde0515","","","2026-05-11 20:49 | Variasi: Pink,8/256"
"1780196867-102","https://shopee.co.id/Vivo-Y17-8GB-256GB-6.35-4G-LTE-5000mAh-i.22241652.41978145859?extraParams=%7B%22display_model_id%22%3A415454859694%2C%22model_selection_logic%22%3A3%7D&sp_atk=33dcc5d1-5027-4608-b74e-e4575fde0515&xptdk=33dcc5d1-5027-4608-b74e-e4575fde0515","","","2026-04-14 14:35 | Variasi: Biru Muda,8/256"
"1780196867-103","https://shopee.co.id/Vivo-Y17-8GB-256GB-6.35-4G-LTE-5000mAh-i.22241652.41978145859?extraParams=%7B%22display_model_id%22%3A415454859694%2C%22model_selection_logic%22%3A3%7D&sp_atk=33dcc5d1-5027-4608-b74e-e4575fde0515&xptdk=33dcc5d1-5027-4608-b74e-e4575fde0515","","Hp  Vivo SDH sampai dpt harga bersahabat.langsung dipake anak.semoga awet","2026-02-15 19:32 | Variasi: Biru,8/256"
"1780196867-104","https://shopee.co.id/Vivo-Y17-8GB-256GB-6.35-4G-LTE-5000mAh-i.22241652.41978145859?extraParams=%7B%22display_model_id%22%3A415454859694%2C%22model_selection_logic%22%3A3%7D&sp_atk=33dcc5d1-5027-4608-b74e-e4575fde0515&xptdk=33dcc5d1-5027-4608-b74e-e4575fde0515","","Pokonya belaja ditoko ini sangat puas terimakasih seler","2026-03-05 18:55 | Variasi: Biru Muda,8/256"
"1780196867-105","https://shopee.co.id/Vivo-Y17-8GB-256GB-6.35-4G-LTE-5000mAh-i.22241652.41978145859?extraParams=%7B%22display_model_id%22%3A415454859694%2C%22model_selection_logic%22%3A3%7D&sp_atk=33dcc5d1-5027-4608-b74e-e4575fde0515&xptdk=33dcc5d1-5027-4608-b74e-e4575fde0515","","Barang baru jgn ragu beli dsni..mantul","2026-04-14 17:23 | Variasi: Biru Muda,8/256"
"1780196867-106","https://shopee.co.id/Vivo-Y17-8GB-256GB-6.35-4G-LTE-5000mAh-i.22241652.41978145859?extraParams=%7B%22display_model_id%22%3A415454859694%2C%22model_selection_logic%22%3A3%7D&sp_atk=33dcc5d1-5027-4608-b74e-e4575fde0515&xptdk=33dcc5d1-5027-4608-b74e-e4575fde0515","","Alhamdulillah pesanan mendarat dengan selamat semoga awet ya ke lengkapan nya full set baru lagi pengiriman cepat,good lah","2026-03-01 13:43 | Variasi: Biru Muda,8/256"
"1780196867-107","https://shopee.co.id/Vivo-Y17-8GB-256GB-6.35-4G-LTE-5000mAh-i.22241652.41978145859?extraParams=%7B%22display_model_id%22%3A415454859694%2C%22model_selection_logic%22%3A3%7D&sp_atk=33dcc5d1-5027-4608-b74e-e4575fde0515&xptdk=33dcc5d1-5027-4608-b74e-e4575fde0515","","Sangat buruk barang kw,padahal co 2 hp.nyesel banget.imei palsu semua media TDK bisa di gunakan selalu di spam","2026-03-24 01:57 | Variasi: Biru,8/256"
"1780196867-108","https://shopee.co.id/Vivo-Y17-8GB-256GB-6.35-4G-LTE-5000mAh-i.22241652.41978145859?extraParams=%7B%22display_model_id%22%3A415454859694%2C%22model_selection_logic%22%3A3%7D&sp_atk=33dcc5d1-5027-4608-b74e-e4575fde0515&xptdk=33dcc5d1-5027-4608-b74e-e4575fde0515","","Barang sesuai dg live, sangat bagus gak rugi dg harga sangat murah. Kwalitas ORI","2026-02-16 13:42 | Variasi: Biru Muda,8/256"
"1780196867-109","https://shopee.co.id/Vivo-Y17-8GB-256GB-6.35-4G-LTE-5000mAh-i.22241652.41978145859?extraParams=%7B%22display_model_id%22%3A415454859694%2C%22model_selection_logic%22%3A3%7D&sp_atk=33dcc5d1-5027-4608-b74e-e4575fde0515&xptdk=33dcc5d1-5027-4608-b74e-e4575fde0515","","Semoga barang awet","2026-01-27 12:11 | Variasi: Biru,4/128"
"1780196867-110","https://shopee.co.id/Vivo-Y17-8GB-256GB-6.35-4G-LTE-5000mAh-i.22241652.41978145859?extraParams=%7B%22display_model_id%22%3A415454859694%2C%22model_selection_logic%22%3A3%7D&sp_atk=33dcc5d1-5027-4608-b74e-e4575fde0515&xptdk=33dcc5d1-5027-4608-b74e-e4575fde0515","","Udh ke3x order dsini.ssmuanya ok","2026-01-28 09:50 | Variasi: Biru Muda,6/128"
"1780196867-111","https://shopee.co.id/Vivo-Y17-8GB-256GB-6.35-4G-LTE-5000mAh-i.22241652.41978145859?extraParams=%7B%22display_model_id%22%3A415454859694%2C%22model_selection_logic%22%3A3%7D&sp_atk=33dcc5d1-5027-4608-b74e-e4575fde0515&xptdk=33dcc5d1-5027-4608-b74e-e4575fde0515","","Maaf seller baru beri penilaian, untuk mengetahui hp berfungsi dengan baik tau tidak, ternyata daftar email sulit, wa beberapa hari digunakan untuk telfon luar negeri kena spam nomer sudah gak bisa dipake lagi terpaksa beli nomer baru, kecewa pas ada fitur tidak bisa digunakan dengan baik,, akhirnya beli hp second jauh lebih baik wa tidak pernah kena spam daftar emailpun lancar","2026-04-26 09:22 | Variasi: Biru,8/256"
"1780196867-112","https://shopee.co.id/Vivo-Y17-8GB-256GB-6.35-4G-LTE-5000mAh-i.22241652.41978145859?extraParams=%7B%22display_model_id%22%3A415454859694%2C%22model_selection_logic%22%3A3%7D&sp_atk=33dcc5d1-5027-4608-b74e-e4575fde0515&xptdk=33dcc5d1-5027-4608-b74e-e4575fde0515","","","2026-02-28 11:46 | Variasi: Biru Muda,8/256"
"1780196867-113","https://shopee.co.id/Vivo-Y17-8GB-256GB-6.35-4G-LTE-5000mAh-i.22241652.41978145859?extraParams=%7B%22display_model_id%22%3A415454859694%2C%22model_selection_logic%22%3A3%7D&sp_atk=33dcc5d1-5027-4608-b74e-e4575fde0515&xptdk=33dcc5d1-5027-4608-b74e-e4575fde0515","","bagus alhamdulilah reseler amanah cuma mau upload video ke panjangan jdi cuma bisa foto","2026-01-27 15:48 | Variasi: Biru Muda,6/128"
"1780196867-114","https://shopee.co.id/Vivo-Y17-8GB-256GB-6.35-4G-LTE-5000mAh-i.22241652.41978145859?extraParams=%7B%22display_model_id%22%3A415454859694%2C%22model_selection_logic%22%3A3%7D&sp_atk=33dcc5d1-5027-4608-b74e-e4575fde0515&xptdk=33dcc5d1-5027-4608-b74e-e4575fde0515","","","2026-02-13 13:08 | Variasi: Pink,8/256"
"1780196867-115","https://shopee.co.id/Vivo-Y17-8GB-256GB-6.35-4G-LTE-5000mAh-i.22241652.41978145859?extraParams=%7B%22display_model_id%22%3A415454859694%2C%22model_selection_logic%22%3A3%7D&sp_atk=33dcc5d1-5027-4608-b74e-e4575fde0515&xptdk=33dcc5d1-5027-4608-b74e-e4575fde0515","","Lbh jernih pas waktu live","2026-04-24 13:31 | Variasi: Biru Muda,8/256"
"1780196867-116","https://shopee.co.id/Vivo-Y17-8GB-256GB-6.35-4G-LTE-5000mAh-i.22241652.41978145859?extraParams=%7B%22display_model_id%22%3A415454859694%2C%22model_selection_logic%22%3A3%7D&sp_atk=33dcc5d1-5027-4608-b74e-e4575fde0515&xptdk=33dcc5d1-5027-4608-b74e-e4575fde0515","","","2026-02-17 17:52 | Variasi: Merah,8/256"
"1780196867-117","https://shopee.co.id/Vivo-Y17-8GB-256GB-6.35-4G-LTE-5000mAh-i.22241652.41978145859?extraParams=%7B%22display_model_id%22%3A415454859694%2C%22model_selection_logic%22%3A3%7D&sp_atk=33dcc5d1-5027-4608-b74e-e4575fde0515&xptdk=33dcc5d1-5027-4608-b74e-e4575fde0515","","Hp aman bagus salah nya cuma satu pas di unboxing kameranya lecet dan buram, seperti second sekian dan terimakasih 🙏","2026-04-14 15:17 | Variasi: Biru Muda,8/256"
"1780196867-118","https://shopee.co.id/Vivo-Y17-8GB-256GB-6.35-4G-LTE-5000mAh-i.22241652.41978145859?extraParams=%7B%22display_model_id%22%3A415454859694%2C%22model_selection_logic%22%3A3%7D&sp_atk=33dcc5d1-5027-4608-b74e-e4575fde0515&xptdk=33dcc5d1-5027-4608-b74e-e4575fde0515","","Hp tidak bisa menggunakan wa,sudah beberapa kali ganti kartu.tetap kena tinjau an.
Sangat menyesal.minta tolong solusinya buat penjual😩","2026-05-20 12:39 | Variasi: Biru,8/256"
"1780196867-119","https://shopee.co.id/Vivo-Y17-8GB-256GB-6.35-4G-LTE-5000mAh-i.22241652.41978145859?extraParams=%7B%22display_model_id%22%3A415454859694%2C%22model_selection_logic%22%3A3%7D&sp_atk=33dcc5d1-5027-4608-b74e-e4575fde0515&xptdk=33dcc5d1-5027-4608-b74e-e4575fde0515","","Bagus barang nya baru bukan seken ,,,jgn ragu y belanja di sini anak saya suka bnget","2026-02-12 06:02 | Variasi: Biru,8/256"
"1780196867-120","https://shopee.co.id/Vivo-Y17-8GB-256GB-6.35-4G-LTE-5000mAh-i.22241652.41978145859?extraParams=%7B%22display_model_id%22%3A415454859694%2C%22model_selection_logic%22%3A3%7D&sp_atk=33dcc5d1-5027-4608-b74e-e4575fde0515&xptdk=33dcc5d1-5027-4608-b74e-e4575fde0515","","","2026-03-29 13:47 | Variasi: Biru Muda,8/256"
"1780196867-121","https://shopee.co.id/Vivo-Y17-8GB-256GB-6.35-4G-LTE-5000mAh-i.22241652.41978145859?extraParams=%7B%22display_model_id%22%3A415454859694%2C%22model_selection_logic%22%3A3%7D&sp_atk=33dcc5d1-5027-4608-b74e-e4575fde0515&xptdk=33dcc5d1-5027-4608-b74e-e4575fde0515","","Gak sama kaya yg bulan kmren beli padahal bulan kmren baru beli hp di toko nih juga tapi beda masih keliatan ori hp yg kmren buat cek IMEI juga sesuai sama yg di gugel tapi kalo hp yg baru dateng buat cek IMEI malah gak terdaftar","2026-05-12 20:13 | Variasi: Biru,8/256"
"1780196867-122","https://shopee.co.id/Vivo-Y17-8GB-256GB-6.35-4G-LTE-5000mAh-i.22241652.41978145859?extraParams=%7B%22display_model_id%22%3A415454859694%2C%22model_selection_logic%22%3A3%7D&sp_atk=33dcc5d1-5027-4608-b74e-e4575fde0515&xptdk=33dcc5d1-5027-4608-b74e-e4575fde0515","","Alhamdulillah yg ke dua kalinya beli di toko pinduo duo ini amanah sekali gercep 
Semoga makin sukses toko nya.","2026-04-01 08:58 | Variasi: Merah,8/256"
"1780196867-123","https://shopee.co.id/Vivo-Y17-8GB-256GB-6.35-4G-LTE-5000mAh-i.22241652.41978145859?extraParams=%7B%22display_model_id%22%3A415454859694%2C%22model_selection_logic%22%3A3%7D&sp_atk=33dcc5d1-5027-4608-b74e-e4575fde0515&xptdk=33dcc5d1-5027-4608-b74e-e4575fde0515","","","2026-04-15 10:45 | Variasi: Biru Muda,8/256"
"1780196867-124","https://shopee.co.id/Vivo-Y17-8GB-256GB-6.35-4G-LTE-5000mAh-i.22241652.41978145859?extraParams=%7B%22display_model_id%22%3A415454859694%2C%22model_selection_logic%22%3A3%7D&sp_atk=33dcc5d1-5027-4608-b74e-e4575fde0515&xptdk=33dcc5d1-5027-4608-b74e-e4575fde0515","","Terima kasih seler/toko","2026-03-03 12:36 | Variasi: Biru Muda,4/128"
"1780196867-125","https://shopee.co.id/Vivo-Y17-8GB-256GB-6.35-4G-LTE-5000mAh-i.22241652.41978145859?extraParams=%7B%22display_model_id%22%3A415454859694%2C%22model_selection_logic%22%3A3%7D&sp_atk=33dcc5d1-5027-4608-b74e-e4575fde0515&xptdk=33dcc5d1-5027-4608-b74e-e4575fde0515","","Barang diterima dengan baik, tidak ada yang rusak , hp lengkap dengan charger, dan casing bublerupnya  bagus bangat, pengemasan sangat nyaman ya jadi hpnya gak rusak, hpnya nyala batre 92 persen, hpnya baru, sesuai harga, tapi yang kurang saya suka kameranya masih kurang, kalau buat konten masih kurang bersih.","2026-05-11 19:48 | Variasi: Biru,8/256"
"1780196867-126","https://shopee.co.id/Vivo-Y17-8GB-256GB-6.35-4G-LTE-5000mAh-i.22241652.41978145859?extraParams=%7B%22display_model_id%22%3A415454859694%2C%22model_selection_logic%22%3A3%7D&sp_atk=33dcc5d1-5027-4608-b74e-e4575fde0515&xptdk=33dcc5d1-5027-4608-b74e-e4575fde0515","","Day 1 beli hp online, alhamdulillah sesuai ekspektasi, dtang di palu dtng dgan selamat","2026-04-15 19:10 | Variasi: Biru Muda,8/256"
